0.0003160728705936748
-1
0.5
0.5
0.9999999454018358
-1
1.0
-1
0.5349033274946007
-1
4.925217163643062e-08
1.4732272070376813
-1
-1
1.1769420935579014
0.5298072465007629
2.424655219212346e-07
-1
0.28366575108558545
0.2113005347304947
0.8087826726069702
0.8567839346652761
1.6396251235123974e-07
0.5908270395815526
9.256958689608928e-07
4.490138905623336e-09
0.0002450325553290017
0.18037645891164572
1.062378108144177
0.429553264604811
1.4360190014645986
0.09145629821053694
4.860366568805242e-09
4.2043253891568185e-07
7.041571350567636e-08
0.31161905677173285
1.9241622584778333
1.5963772486033974e-08
0.3192834524687092
5.7056614283755086e-08
1.712860277732359
0.1650049150638051
-1
4.9448771954942395e-08
0.7241183240025046
-1
-1
1.050578001951027
-1
0.8100375565438