49 176 206 278 3 301 752 10 308 262 608 213 153 759 371 845 285 736 411 793 718 624
15 117 34 313 562 406 254 446 673 49 261 770 512 453 658 680 56 268 777 218 193 736 519 614 371 848 413
38 440 511 227 705 47 629 772 121 496 591 104 649 244 278 297 346 353 360 489 698 765 419 609 65 304 382 319 367 749 285
30 192 490 220 424 714 81 106 643 146 809 759 129 832 96 329
58 29 130 585 103 729 259 78 266 405 714 149 554 630 570 665 420 450
255 88 633 512 713 670 3 488 351 640 205 333 519 612 720 95 578 110 604 705 771 779
155 202 284 398 217 391 454 419 638 236 461 340 482 566 435 696 19 583 712 224 736 426 645
222 304 162 484 555 686 585 155 477 618 830 570 755 837 860 625 527 592 648
183 396 341 461 136 729 755 2 242 199 304 34 518 494 560 567 722 705 71 280 479 574 662 295 501 773 712 809
45 38 74 185 287 365 401 408 264 415 20 129 328 562 271 660 422 770 192 81 785 96 294 755 372 437 610 827 897 887
