68 59 47 58 14 49 37 29 11 43 69 63 67 12 41 56 21 10 66 54 26 9 30 23 1 6 25 60 31 13 48 39 3 24 36 33 35 0 16 40 42 34 19 44 45 50 52 22 61 28 7 64 15 27 18 57 38 53 55 20 46 62 2 8 17 51 4 32 5 65
32 14 36 3 19 34 11 5 1 46 10 25 62 42 33 16 0 48 28 9 65 58 6 18 50 29 30 39 26 41 37 52 7 45 47 53 23 21 17 20 69 35 22 60 43 51 64 59 38 57 67 31 55 12 40 4 61 15 13 68 56 24 27 44 54 8 66 63 2 49
37 65 30 27 8 46 52 31 11 66 26 38 61 4 2 68 55 45 25 35 29 32 58 57 34 33 23 20 49 12 24 60 6 7 19 50 59 13 51 1 28 54 47 3 53 0 21 56 69 62 63 48 22 18 16 5 40 15 9 44 36 43 41 17 10 14 42 64 67 39
53 62 66 63 56 5 57 46 18 2 42 45 6 26 3 24 13 25 65 49 30 27 59 35 32 11 33 16 38 67 43 54 58 9 36 31 0 22 37 20 10 68 21 19 7 4 29 12 39 17 40 1 64 47 60 44 51 52 34 8 61 69 14 15 50 48 55 41 28 23
56 28 62 7 29 40 68 57 54 47 2 17 14 10 41 8 15 30 24 51 38 13 61 32 34 23 12 42 49 21 4 65 31 18 69 9 64 5 19 37 66 46 0 22 27 60 6 44 67 36 11 55 35 59 48 16 43 58 20 1 3 53 52 50 63 33 25 26 45 39
28 14 16 47 24 26 46 21 56 50 42 6 35 32 13 18 60 66 7 69 29 19 45 40 2 20 3 9 67 64 15 63 4 57 59 30 44 52 38 10 22 43 27 34 61 36 31 5 25 33 65 68 62 23 49 39 51 37 17 12 58 0 8 54 53 41 55 48 11 1
5 28 37 6 22 1 30 56 17 48 18 52 36 25 21 50 46 9 15 65 53 51 68 41 0 16 38 27 8 26 24 3 59 23 33 64 49 35 32 61 55 63 57 13 44 60 14 19 20 43 58 54 31 40 69 66 67 42 47 39 62 4 11 34 7 29 2 45 10 12
33 4 62 65 5 58 26 8 47 53 52 56 15 66 1 2 39 30 31 0 3 54 29 18 19 23 20 44 16 64 22 57 48 21 9 37 27 35 40 14 38 43 67 11 12 13 25 49 50 42 51 61 63 28 6 32 60 55 45 46 24 34 68 7 69 17 41 10 59 36
4 8 69 26 54 28 62 24 32 22 10 67 45 21 34 35 11 33 56 15 23 42 53 31 64 27 20 61 36 38 63 60 57 18 59 12 41 9 55 25 6 29 49 2 16 51 68 46 39 37 50 14 5 40 66 43 44 0 13 1 3 48 65 47 52 19 17 58 7 30
64 59 3 26 23 61 11 18 65 10 53 32 54 6 25 19 66 7 33 67 29 50 60 48 49 51 40 22 68 35 63 55 38 42 12 28 16 58 21 44 46 8 13 36 9 57 20 5 43 24 17 30 41 1 37 69 34 0 2 39 14 52 45 4 15 27 31 62 56 47
